target intercept intra para.50 p.intercept p.intra p.para.50
Class_B 0 0.0763421986485503 0.884737501658685 1 0.0762687042058515 0
Class_CD3.T 0 0.445303215904429 0.48996587420888 1 1.72810055359008e-08 2.1177025280155e-48
Class_CD4.T 0 0.114878386668749 0.848673415095631 1 0.00277831149236043 9.10742002821773e-282
Class_CD8.T 0 0.289007288324861 0.663171387676904 1 1.54585298530949e-09 3.06323540206274e-125
Class_DC.Mono 0 0.476704099011013 0.467371880574657 1 2.66905247225021e-07 4.51450999251802e-44
Class_Neutrophils 0 0.299267773499767 0.630174442660128 1 0.00216758131724007 9.16653829948967e-76
Class_Macrophages 0 0.356169103071716 0.593908856877039 1 1.07448946086543e-11 1.86124411779914e-73
Class_Tregs 0 0.663824967519968 0.296835028583628 1 1.0166157481748e-13 8.08893716534789e-17
Class_Tumor 0 -0.00892695872464767 1.01156727034389 1 0.608111937496871 0
