target intercept intra para.50 p.intercept p.intra p.para.50
Class_B 0 -0.16909699403065 1.14629234815272 1 0.00276837097597212 0
Class_CD3.T 0 0.68519906039119 0.295084713711671 1 1.81392939844295e-12 6.14082551894355e-15
Class_CD4.T 0 0.0889464215511797 0.89885148631082 1 0.00176510205329457 1.61066379552752e-296
Class_DC 0 0.297995698657065 0.660451823210342 1 3.94463486427039e-05 4.15912608463042e-80
Class_DC.Mono 0 0.328501588987067 0.631261298838209 1 2.68414390464984e-06 2.38992308382995e-78
Class_CD8.T 0 0.0687805030920171 0.911778486989142 1 0.0119393311830555 0
Class_Macrophages 0 0.047329564208392 0.926064706285803 1 0.308651223164152 1.94711271026035e-318
Class_NK 0 0.185138905219974 0.765458861515173 1 0.0154694154349452 6.17916388588712e-93
Class_Tumor 0 -0.0746961031262341 1.0768672430292 1 7.62493023141089e-07 0
