target intercept intra para.50 p.intercept p.intra p.para.50
Class_CD3.T 0 0.393426605060134 0.561187243518664 1 6.25186268022772e-08 1.55426349930512e-62
Class_CD4.T 0 0.225343555812195 0.721721068404508 1 0.000167706093477066 2.38205619095441e-123
Class_DC.Mono 0 0.150748374845292 0.797303336721239 1 0.0345978582133056 8.21357542094159e-147
Class_CD8.T 0 0.39441830832778 0.572943640820898 1 1.50294844052302e-10 6.95496367880473e-55
Class_Macrophages 0 0.0940363641295375 0.882963201839621 1 0.00410767069892541 4.86398444920598e-286
Class_Mono.Neu 0 0.678958000376 0.302877654211015 1 5.62491452154289e-14 3.62606691460487e-13
Class_Neutrophils 0 0.334769441598652 0.615067515384272 1 0.000646291972584497 8.25312821341581e-60
Class_Other.immune 0 0.249731463135761 0.702353957240166 1 3.59971338990974e-06 2.42856862624118e-161
Class_Tumor 0 -0.0229733611436083 1.02287281810618 1 0.0772347456947204 0
